1
3
25
43
45
75
76
78
81
83
86
94
96
104
111
112
116
118
120
122
124
125
128
133
136
138
141
154
156
157
164
208
210
215
218
222
226
234
236
237
247
274
276
283
304
329
431
436
451
452
453
487
491
529
580
585
597
636
720
722
723
729
730
746
747
749
765
772
787
788
791
798
799
810
820
821
823
824
827
828
831
832
834
835
838
842
846
853
855
856
861
866
890
891
906
918
920
968
978
1005
1056
1057
1058
1083
1086
1089
1105
1116
1160
1170
1185
1244
1304
1308
1311
1356
1370
1381
1424
1506
1515
1562
1586
1594
1617
1618
1619
1643
1716
